Sampling	POC_PP	ND	RA	HRT	DSUP	DSDW	RPOC	RPP	CL	IS	HAI
1	26.628	7	1	14	1	644.44	-76.92	-162.857	40.2019991	0.229666023	0.59434132
2	17.922	8	2	11	69.24	85	-34.47	-205.455	20.87604965	0.165600033	0.136140947
3	40.063	8	2	11	11.25	153	-34.47	-205.455	25.16938778	0.261135519	0.173777576
4	11.324	8	9	9	778	271.67	43.581	90.337	86.59847525	2.347636123	3.58944462
5	19.177	9	9	9	592	457.67	43.581	90.337	59.91060476	17.53728729	294.1909482
6	21.5	9	9	9	493	556.67	43.581	90.337	64.80830644	2.817348149	19.70499817
7	29.565	9	9	11	352	697.67	43.581	90.337	57.84589713	2.109138155	3.165944356
8	11.767	9	9	19	310	739.67	43.581	90.337	57.14516811	3.244526645	16.56854041
9	19.508	9	9	14	164	885.67	43.581	90.337	37.34766797	1.570355839	4.111259653
10	56.718	9	9	10	2	1047.67	43.581	90.337	14.43514991	1.067194532	1.832032194
11	137.763	8	3	30	69.24	85	86.063	44.517	23.66284343	0.191586499	0.140656475
12	47.314	8	3	30	11.25	153	86.063	44.517	26.78384221	0.275657202	0.17938374
13	7.431	8	10	78	778	271.67	-15.17	-143.763	86.98545943	2.522403174	3.715841531
14	46.384	9	10	78	592	457.67	-15.17	-143.763	58.5397419	18.58231228	306.205039
15	7.066	9	10	78	493	556.67	-15.17	-143.763	62.62418331	2.889956932	20.51690967
16	3.453	9	10	84	352	697.67	-15.17	-143.763	54.06796933	2.250910758	3.277234968
17	7.612	9	10	81	310	739.67	-15.17	-143.763	54.00712797	3.505393108	17.12729377
18	8.335	9	10	75	164	885.67	-15.17	-143.763	38.7287353	1.643982192	4.261405193
19	10.522	9	10	76	2	1047.67	-15.17	-143.763	14.00524044	1.11254202	1.891508135
20	13.863	7	4	45	21	621.68	-155.395	48.231	40.5861754	0.09044344	0.137963423
21	117.84	7	4	45	11	631.68	-155.395	48.231	37.58776355	0.069038957	0.025314291
22	131.133	7	4	45	4	638.68	-155.395	48.231	41.83240645	0.422894381	1.039457456
23	250.999	7	4	35	21	621.68	57.188	29.003	40.5861754	0.09044344	0.137963423
24	79.105	7	4	35	11	631.68	57.188	29.003	37.58776355	0.069038957	0.025314291
25	145.494	7	4	35	4	638.68	57.188	29.003	41.83240645	0.422894381	1.039457456
26	78.321	8	5	12	152	5	-21.003	66.849	43.43983104	0.916495129	2.631035666
27	90.033	8	5	12	143	14	-21.003	66.849	42.95719299	0.932442503	2.816571231
28	122.26	8	5	12	124	33	-21.003	66.849	32.47765156	0.912407364	1.655541116
29	140.573	8	5	20	102	55	-21.003	66.849	24.90962405	0.242658467	0.164698871
30	218.383	8	5	20	59	98	-21.003	66.849	26.16443033	0.40913966	0.235961616
31	139.177	8	5	19	34	123	-21.003	66.849	27.26149456	0.640472839	0.542698206
32	116.016	8	5	19	28	129	-21.003	66.849	25.52357271	0.632962184	0.573325494
33	408.48	8	5	19	15	142	-21.003	66.849	23.19493343	0.27526278	0.205004508
34	91.098	8	5	19	10	147	-21.003	66.849	27.69271531	0.295906981	0.185315414
35	219.17	8	5	19	2	155	-21.003	66.849	37.80259925	0.490782386	0.435701807
36	21.78	7	4	12	21	621.68	-9.196	-34.574	40.5861754	0.09044344	0.137963423
37	21.896	7	4	12	11	631.68	-9.196	-34.574	37.58776355	0.069038957	0.025314291
38	23.311	7	4	12	4	638.68	-9.196	-34.574	41.83240645	0.422894381	1.039457456
39	18.17	8	5	4	152	5	26.785	-16.835	43.43983104	0.916495129	2.631035666
40	22.93	8	5	4	143	14	26.785	-16.835	42.95719299	0.932442503	2.816571231
41	14.956	8	5	4	124	33	26.785	-16.835	32.47765156	0.912407364	1.655541116
42	19.337	8	5	6	102	55	26.785	-16.835	24.90962405	0.242658467	0.164698871
43	26.24	8	5	6	59	98	26.785	-16.835	26.16443033	0.40913966	0.235961616
44	15.303	8	5	7	34	123	26.785	-16.835	27.26149456	0.640472839	0.542698206
45	22.852	8	5	7	28	129	26.785	-16.835	25.52357271	0.632962184	0.573325494
46	16.969	8	5	7	15	142	26.785	-16.835	23.19493343	0.27526278	0.205004508
47	16.713	8	5	7	10	147	26.785	-16.835	27.69271531	0.295906981	0.185315414
48	18.07	8	5	7	2	155	26.785	-16.835	37.80259925	0.490782386	0.435701807
49	19.36	7	4	12	21	621.68	38.063	-33.133	40.5861754	0.09044344	0.137963423
50	16.218	7	4	12	11	631.68	38.063	-33.133	37.58776355	0.069038957	0.025314291
51	11.243	7	4	12	4	638.68	38.063	-33.133	41.83240645	0.422894381	1.039457456
52	9.007	8	5	4	152	5	1.278	40.708	43.43983104	0.916495129	2.631035666
53	9.775	8	5	4	143	14	1.278	40.708	42.95719299	0.932442503	2.816571231
54	9.836	8	5	3	124	33	1.278	40.708	32.47765156	0.912407364	1.655541116
55	7.459	8	5	4	102	55	1.278	40.708	24.90962405	0.242658467	0.164698871
56	8.657	8	5	4	59	98	1.278	40.708	26.16443033	0.40913966	0.235961616
57	9.209	8	5	4	34	123	1.278	40.708	27.26149456	0.640472839	0.542698206
58	8.927	8	5	4	28	129	1.278	40.708	25.52357271	0.632962184	0.573325494
59	4.472	8	5	4	15	142	1.278	40.708	23.19493343	0.27526278	0.205004508
60	9.972	8	5	4	10	147	1.278	40.708	27.69271531	0.295906981	0.185315414
61	43.732	8	5	4	2	155	1.278	40.708	37.80259925	0.490782386	0.435701807
62	8.464	7	4	32	21	621.68	-20.201	48.504	40.5861754	0.09044344	0.137963423
63	1.364	7	4	32	11	631.68	-20.201	48.504	37.58776355	0.069038957	0.025314291
64	5.171	7	4	32	4	638.68	-20.201	48.504	41.83240645	0.422894381	1.039457456
65	9.649	8	5	7	152	5	15.889	-170.909	43.43983104	0.916495129	2.631035666
66	11.348	8	5	7	143	14	15.889	-170.909	42.95719299	0.932442503	2.816571231
67	11.524	8	5	7	124	33	15.889	-170.909	32.47765156	0.912407364	1.655541116
68	9.444	8	5	12	102	55	15.889	-170.909	24.90962405	0.242658467	0.164698871
69	7.359	8	5	12	59	98	15.889	-170.909	26.16443033	0.40913966	0.235961616
70	7.396	8	5	13	34	123	15.889	-170.909	27.26149456	0.640472839	0.542698206
71	4.936	8	5	13	28	129	15.889	-170.909	25.52357271	0.632962184	0.573325494
72	14.396	8	5	13	15	142	15.889	-170.909	23.19493343	0.27526278	0.205004508
73	7.784	8	5	13	10	147	15.889	-170.909	27.69271531	0.295906981	0.185315414
74	7.932	8	5	13	2	155	15.889	-170.909	37.80259925	0.490782386	0.435701807
75	25.726	7	5	41	21	621.68	-137.178	-34.885	40.5861754	0.09044344	0.137963423
76	6.665	7	5	41	11	631.68	-137.178	-34.885	37.58776355	0.069038957	0.025314291
77	5.335	7	5	41	4	638.68	-137.178	-34.885	41.83240645	0.422894381	1.039457456
78	13.538	8	6	11	152	5	38.197	-79.28	43.43983104	0.916495129	2.631035666
79	4.98	8	6	11	143	14	38.197	-79.28	42.95719299	0.932442503	2.816571231
80	7.048	8	6	11	124	33	38.197	-79.28	32.47765156	0.912407364	1.655541116
81	9.307	8	6	12	102	55	38.197	-79.28	24.90962405	0.242658467	0.164698871
82	7.05	8	6	12	59	98	38.197	-79.28	26.16443033	0.40913966	0.235961616
83	42.412	8	6	13	34	123	38.197	-79.28	27.26149456	0.640472839	0.542698206
84	11.241	8	6	13	28	129	38.197	-79.28	25.52357271	0.632962184	0.573325494
85	8.289	8	6	13	15	142	38.197	-79.28	23.19493343	0.27526278	0.205004508
86	5.944	8	6	13	10	147	38.197	-79.28	27.69271531	0.295906981	0.185315414
87	7.809	8	6	13	2	155	38.197	-79.28	37.80259925	0.490782386	0.435701807
88	32.039	8	13	50	778	271.67	62.273	25.811	89.12730835	2.462450527	3.381663791
89	17.542	9	13	50	592	444.67	62.273	25.811	57.48541818	21.17487609	330.8983026
90	38.607	9	13	50	493	556.67	62.273	25.811	60.76520468	3.039979823	21.92873527
91	171.976	9	13	50	378	671.67	62.273	25.811	51.18169312	2.55942221	3.550068955
92	39.445	9	13	50	289	760.67	62.273	25.811	50.32685233	3.939169291	17.97847639
93	111.495	9	13	50	230	819.67	62.273	25.811	45.33299196	1.561019229	9.127421455
94	30.858	9	13	50	127	922.67	62.273	25.811	34.96932672	1.034331659	1.760675941
95	21.593	9	13	50	4	1045.67	62.273	25.811	13.3334777	1.213720854	1.995564718
96	19.291	7	5	17	11	631.68	-16.24	13.333	37.32910259	0.077702354	0.086531234
97	29.716	7	5	17	4	638.68	-16.24	13.333	41.27646511	0.439338992	1.076453841
98	25.874	8	6	10	102	55	-1.128	-13.158	23.67495532	0.25081237	0.169402677
99	83.544	8	6	10	59	98	-1.128	-13.158	24.85447009	0.444550876	0.246859472
100	68.343	8	6	13	34	123	-1.128	-13.158	26.29489177	0.677811082	0.568085703
101	38.648	8	6	12	28	129	-1.128	-13.158	24.6754289	0.658441142	0.596358822
102	32.199	8	6	11	15	142	-1.128	-13.158	22.80592026	0.284319258	0.210559095
103	57.98	8	6	12	10	147	-1.128	-13.158	27.3010527	0.306484322	0.191013815
104	32.545	8	6	12	2	155	-1.128	-13.158	37.44535477	0.518301693	0.460098212
105	4.577	8	13	11	778	271.67	-15.343	78.972	89.12730835	2.462450527	3.381663791
106	3.494	9	13	11	592	444.67	-15.343	78.972	57.48541818	21.17487609	330.8983026
107	4.814	9	13	12	493	556.67	-15.343	78.972	60.76520468	3.039979823	21.92873527
108	12.86	9	13	12	378	671.67	-15.343	78.972	51.18169312	2.55942221	3.550068955
109	22.722	9	13	16	289	760.67	-15.343	78.972	50.32685233	3.939169291	17.97847639
110	23.051	9	13	18	230	819.67	-15.343	78.972	45.33299196	1.561019229	9.127421455
111	15.528	9	13	18	127	922.67	-15.343	78.972	34.96932672	1.034331659	1.760675941
112	24.464	9	13	19	4	1045.67	-15.343	78.972	13.3334777	1.213720854	1.995564718
113	11.346	7	5	11	11	631.68	34.114	5.668	37.32910259	0.077702354	0.086531234
114	15.867	7	5	11	4	638.68	34.114	5.668	41.27646511	0.439338992	1.076453841
115	7.925	8	6	6	102	55	14.618	29.144	23.67495532	0.25081237	0.169402677
116	16.539	8	6	6	59	98	14.618	29.144	24.85447009	0.444550876	0.246859472
117	10.887	8	6	7	34	123	14.618	29.144	26.29489177	0.677811082	0.568085703
118	5.401	8	6	7	28	129	14.618	29.144	24.6754289	0.658441142	0.596358822
119	12.373	8	6	7	15	142	14.618	29.144	22.80592026	0.284319258	0.210559095
120	19.529	8	6	6	10	147	14.618	29.144	27.3010527	0.306484322	0.191013815
121	58.327	8	6	6	2	155	14.618	29.144	37.44535477	0.518301693	0.460098212
122	19.882	8	13	97	778	271.67	25.74	69.994	89.12730835	2.462450527	3.381663791
123	22.283	9	13	97	592	444.67	25.74	69.994	57.48541818	21.17487609	330.8983026
124	24.962	9	13	93	493	556.67	25.74	69.994	60.76520468	3.039979823	21.92873527
125	17.148	9	13	93	378	671.67	25.74	69.994	51.18169312	2.55942221	3.550068955
126	50.136	9	13	88	289	760.67	25.74	69.994	50.32685233	3.939169291	17.97847639
127	39.992	9	13	80	230	819.67	25.74	69.994	45.33299196	1.561019229	9.127421455
128	34.598	9	13	72	127	922.67	25.74	69.994	34.96932672	1.034331659	1.760675941
129	30.426	7	5	47	4	638.68	-58.29	67.803	41.27646511	0.439338992	1.076453841
130	132.026	8	6	24	102	55	42.113	-155.772	23.67495532	0.25081237	0.169402677
131	143.391	8	6	24	59	98	42.113	-155.772	24.85447009	0.444550876	0.246859472
132	154.517	8	6	25	34	123	42.113	-155.772	26.29489177	0.677811082	0.568085703
133	188.153	8	6	25	28	129	42.113	-155.772	24.6754289	0.658441142	0.596358822
134	86.309	8	6	24	15	142	42.113	-155.772	22.80592026	0.284319258	0.210559095
135	32.449	8	6	24	10	147	42.113	-155.772	27.3010527	0.306484322	0.191013815
136	16.463	8	6	24	2	155	42.113	-155.772	37.44535477	0.518301693	0.460098212
137	5.848	7	1	17.622655	190.3	87.08	90.272	68.188	43.49371823	2.64836972	80.46803186
138	0.459	8	1	17.622655	108.6	168.78	90.272	68.188	42.27172213	0.079867321	0.072130965
139	0.552	8	1	17.622655	15.9	281.98	90.272	68.188	31.46461295	0.098720204	0.0540847
140	0.458	8	1	17.622655	5	292.88	90.272	68.188	34.22176252	0.159479069	0.297853172
141	1.426	10	8	13	53	142.7	41.55	37.345	33.74312294	0.128274209	0.101411075
142	3.411	10	8	13	23.8	171.9	41.55	37.345	42.98974824	0.128019607	0.145252619
143	1.349	10	8	13	2	193.7	41.55	37.345	33.55399925	0.396281501	1.223589778
144	1.863	11	9	8	102.4	54.6	52.656	-27.703	27.11605974	0.274761669	0.161739809
145	7.163	11	9	8	29.4	127.6	52.656	-27.703	27.09481587	0.700193231	0.588515405
146	3.261	11	9	8	1	156	52.656	-27.703	33.55399925	0.396281501	0.24138022
