Sampling	PON_PP	ND	RA	HRT	DSUP	DSDW	RPON	RPP	CL	IS	HAI
1	3.467	7	1	14	1	644.44	14.76	-162.857	40.2019991	0.229666023	0.59434132
2	1.124	8	2	11	69.24	85	-8.797	-205.455	20.87604965	0.165600033	0.136140947
3	3.598	8	2	11	11.25	153	-8.797	-205.455	25.16938778	0.261135519	0.173777576
4	1.577	8	9	9	778	271.67	69.957	90.337	86.59847525	2.347636123	3.58944462
5	2.624	9	9	9	592	457.67	69.957	90.337	59.91060476	17.53728729	294.1909482
6	3.036	9	9	9	493	556.67	69.957	90.337	64.80830644	2.817348149	19.70499817
7	4.044	9	9	11	352	697.67	69.957	90.337	57.84589713	2.109138155	3.165944356
8	2.095	9	9	19	310	739.67	69.957	90.337	57.14516811	3.244526645	16.56854041
9	3.202	9	9	14	164	885.67	69.957	90.337	37.34766797	1.570355839	4.111259653
10	5.568	9	9	10	2	1047.67	69.957	90.337	14.43514991	1.067194532	1.832032194
11	20.173	8	3	30	69.24	85	88.22	44.517	23.66284343	0.191586499	0.140656475
12	11.059	8	3	30	11.25	153	88.22	44.517	26.78384221	0.275657202	0.17938374
13	1.24	8	10	78	778	271.67	-15.941	-143.763	86.98545943	2.522403174	3.715841531
14	5.723	9	10	78	592	457.67	-15.941	-143.763	58.5397419	18.58231228	306.205039
15	0.7	9	10	78	493	556.67	-15.941	-143.763	62.62418331	2.889956932	20.51690967
16	0.403	9	10	84	352	697.67	-15.941	-143.763	54.06796933	2.250910758	3.277234968
17	0.798	9	10	81	310	739.67	-15.941	-143.763	54.00712797	3.505393108	17.12729377
18	0.948	9	10	75	164	885.67	-15.941	-143.763	38.7287353	1.643982192	4.261405193
19	1.208	9	10	76	2	1047.67	-15.941	-143.763	14.00524044	1.11254202	1.891508135
20	3.788	7	4	45	21	621.68	36.86	48.231	40.5861754	0.09044344	0.137963423
21	5.949	7	4	45	11	631.68	36.86	48.231	37.58776355	0.069038957	0.025314291
22	11.407	7	4	45	4	638.68	36.86	48.231	41.83240645	0.422894381	1.039457456
23	32.22	7	4	35	21	621.68	56.996	29.003	40.5861754	0.09044344	0.137963423
24	10.419	7	4	35	11	631.68	56.996	29.003	37.58776355	0.069038957	0.025314291
25	19.213	7	4	35	4	638.68	56.996	29.003	41.83240645	0.422894381	1.039457456
26	10.287	8	5	12	152	5	-24.041	66.849	43.43983104	0.916495129	2.631035666
27	11.038	8	5	12	143	14	-24.041	66.849	42.95719299	0.932442503	2.816571231
28	17.758	8	5	12	124	33	-24.041	66.849	32.47765156	0.912407364	1.655541116
29	19.329	8	5	20	102	55	-24.041	66.849	24.90962405	0.242658467	0.164698871
30	24.739	8	5	20	59	98	-24.041	66.849	26.16443033	0.40913966	0.235961616
31	16.053	8	5	19	34	123	-24.041	66.849	27.26149456	0.640472839	0.542698206
32	15.085	8	5	19	28	129	-24.041	66.849	25.52357271	0.632962184	0.573325494
33	54.359	8	5	19	15	142	-24.041	66.849	23.19493343	0.27526278	0.205004508
34	12.012	8	5	19	10	147	-24.041	66.849	27.69271531	0.295906981	0.185315414
35	29.886	8	5	19	2	155	-24.041	66.849	37.80259925	0.490782386	0.435701807
36	3.092	7	4	12	21	621.68	-1.152	-34.574	40.5861754	0.09044344	0.137963423
37	2.633	7	4	12	11	631.68	-1.152	-34.574	37.58776355	0.069038957	0.025314291
38	2.992	7	4	12	4	638.68	-1.152	-34.574	41.83240645	0.422894381	1.039457456
39	2.179	8	5	4	152	5	6.97	-16.835	43.43983104	0.916495129	2.631035666
40	2.938	8	5	4	143	14	6.97	-16.835	42.95719299	0.932442503	2.816571231
41	1.187	8	5	4	124	33	6.97	-16.835	32.47765156	0.912407364	1.655541116
42	1.531	8	5	6	102	55	6.97	-16.835	24.90962405	0.242658467	0.164698871
43	2.025	8	5	6	59	98	6.97	-16.835	26.16443033	0.40913966	0.235961616
44	1.925	8	5	7	34	123	6.97	-16.835	27.26149456	0.640472839	0.542698206
45	2.413	8	5	7	28	129	6.97	-16.835	25.52357271	0.632962184	0.573325494
46	1.896	8	5	7	15	142	6.97	-16.835	23.19493343	0.27526278	0.205004508
47	2.106	8	5	7	10	147	6.97	-16.835	27.69271531	0.295906981	0.185315414
48	2.187	8	5	7	2	155	6.97	-16.835	37.80259925	0.490782386	0.435701807
49	2.748	7	4	12	21	621.68	45.146	-33.133	40.5861754	0.09044344	0.137963423
50	2.353	7	4	12	11	631.68	45.146	-33.133	37.58776355	0.069038957	0.025314291
51	1.577	7	4	12	4	638.68	45.146	-33.133	41.83240645	0.422894381	1.039457456
52	1.132	8	5	4	152	5	-8.148	40.708	43.43983104	0.916495129	2.631035666
53	1.183	8	5	4	143	14	-8.148	40.708	42.95719299	0.932442503	2.816571231
54	1.086	8	5	3	124	33	-8.148	40.708	32.47765156	0.912407364	1.655541116
55	0.797	8	5	4	102	55	-8.148	40.708	24.90962405	0.242658467	0.164698871
56	0.958	8	5	4	59	98	-8.148	40.708	26.16443033	0.40913966	0.235961616
57	0.946	8	5	4	34	123	-8.148	40.708	27.26149456	0.640472839	0.542698206
58	1.001	8	5	4	28	129	-8.148	40.708	25.52357271	0.632962184	0.573325494
59	0.572	8	5	4	15	142	-8.148	40.708	23.19493343	0.27526278	0.205004508
60	1.069	8	5	4	10	147	-8.148	40.708	27.69271531	0.295906981	0.185315414
61	5.573	8	5	4	2	155	-8.148	40.708	37.80259925	0.490782386	0.435701807
62	1.12	7	4	32	21	621.68	-8.859	48.504	40.5861754	0.09044344	0.137963423
63	0.221	7	4	32	11	631.68	-8.859	48.504	37.58776355	0.069038957	0.025314291
64	0.732	7	4	32	4	638.68	-8.859	48.504	41.83240645	0.422894381	1.039457456
65	1.156	8	5	7	152	5	10.405	-170.909	43.43983104	0.916495129	2.631035666
66	1.362	8	5	7	143	14	10.405	-170.909	42.95719299	0.932442503	2.816571231
67	1.34	8	5	7	124	33	10.405	-170.909	32.47765156	0.912407364	1.655541116
68	1.058	8	5	12	102	55	10.405	-170.909	24.90962405	0.242658467	0.164698871
69	0.809	8	5	12	59	98	10.405	-170.909	26.16443033	0.40913966	0.235961616
70	0.96	8	5	13	34	123	10.405	-170.909	27.26149456	0.640472839	0.542698206
71	0.637	8	5	13	28	129	10.405	-170.909	25.52357271	0.632962184	0.573325494
72	2.024	8	5	13	15	142	10.405	-170.909	23.19493343	0.27526278	0.205004508
73	1.055	8	5	13	10	147	10.405	-170.909	27.69271531	0.295906981	0.185315414
74	1.154	8	5	13	2	155	10.405	-170.909	37.80259925	0.490782386	0.435701807
75	4.372	7	5	41	21	621.68	-176.017	-34.885	40.5861754	0.09044344	0.137963423
76	0.924	7	5	41	11	631.68	-176.017	-34.885	37.58776355	0.069038957	0.025314291
77	0.85	7	5	41	4	638.68	-176.017	-34.885	41.83240645	0.422894381	1.039457456
78	2.416	8	6	11	152	5	60.571	-79.28	43.43983104	0.916495129	2.631035666
79	0.688	8	6	11	143	14	60.571	-79.28	42.95719299	0.932442503	2.816571231
80	0.93	8	6	11	124	33	60.571	-79.28	32.47765156	0.912407364	1.655541116
81	0.914	8	6	12	102	55	60.571	-79.28	24.90962405	0.242658467	0.164698871
82	0.955	8	6	12	59	98	60.571	-79.28	26.16443033	0.40913966	0.235961616
83	6.966	8	6	13	34	123	60.571	-79.28	27.26149456	0.640472839	0.542698206
84	1.451	8	6	13	28	129	60.571	-79.28	25.52357271	0.632962184	0.573325494
85	0.928	8	6	13	15	142	60.571	-79.28	23.19493343	0.27526278	0.205004508
86	0.866	8	6	13	10	147	60.571	-79.28	27.69271531	0.295906981	0.185315414
87	0.947	8	6	13	2	155	60.571	-79.28	37.80259925	0.490782386	0.435701807
88	11.611	8	13	50	778	271.67	47.501	25.811	89.12730835	2.462450527	3.381663791
89	3.063	9	13	50	592	444.67	47.501	25.811	57.48541818	21.17487609	330.8983026
90	9.241	9	13	50	493	556.67	47.501	25.811	60.76520468	3.039979823	21.92873527
91	46.122	9	13	50	378	671.67	47.501	25.811	51.18169312	2.55942221	3.550068955
92	10.403	9	13	50	289	760.67	47.501	25.811	50.32685233	3.939169291	17.97847639
93	35.044	9	13	50	230	819.67	47.501	25.811	45.33299196	1.561019229	9.127421455
94	18.872	9	13	50	127	922.67	47.501	25.811	34.96932672	1.034331659	1.760675941
95	5.325	9	13	50	4	1045.67	47.501	25.811	13.3334777	1.213720854	1.995564718
96	4.54	7	5	17	11	631.68	-85.361	13.333	37.32910259	0.077702354	0.086531234
97	6.381	7	5	17	4	638.68	-85.361	13.333	41.27646511	0.439338992	1.076453841
98	9.711	8	6	10	102	55	54.02	-13.158	23.67495532	0.25081237	0.169402677
99	30.423	8	6	10	59	98	54.02	-13.158	24.85447009	0.444550876	0.246859472
100	19.179	8	6	13	34	123	54.02	-13.158	26.29489177	0.677811082	0.568085703
101	12.562	8	6	12	28	129	54.02	-13.158	24.6754289	0.658441142	0.596358822
102	10.748	8	6	11	15	142	54.02	-13.158	22.80592026	0.284319258	0.210559095
103	16.082	8	6	12	10	147	54.02	-13.158	27.3010527	0.306484322	0.191013815
104	7.528	8	6	12	2	155	54.02	-13.158	37.44535477	0.518301693	0.460098212
105	1.017	8	13	11	778	271.67	-9.887	78.972	89.12730835	2.462450527	3.381663791
106	0.863	9	13	11	592	444.67	-9.887	78.972	57.48541818	21.17487609	330.8983026
107	1.583	9	13	12	493	556.67	-9.887	78.972	60.76520468	3.039979823	21.92873527
108	3.122	9	13	12	378	671.67	-9.887	78.972	51.18169312	2.55942221	3.550068955
109	4.675	9	13	16	289	760.67	-9.887	78.972	50.32685233	3.939169291	17.97847639
110	6.011	9	13	18	230	819.67	-9.887	78.972	45.33299196	1.561019229	9.127421455
111	4.056	9	13	18	127	922.67	-9.887	78.972	34.96932672	1.034331659	1.760675941
112	6.016	9	13	19	4	1045.67	-9.887	78.972	13.3334777	1.213720854	1.995564718
113	2.21	7	5	11	11	631.68	25.465	5.668	37.32910259	0.077702354	0.086531234
114	5.609	7	5	11	4	638.68	25.465	5.668	41.27646511	0.439338992	1.076453841
115	2.122	8	6	6	102	55	19.287	29.144	23.67495532	0.25081237	0.169402677
116	3.232	8	6	6	59	98	19.287	29.144	24.85447009	0.444550876	0.246859472
117	2.538	8	6	7	34	123	19.287	29.144	26.29489177	0.677811082	0.568085703
118	1.624	8	6	7	28	129	19.287	29.144	24.6754289	0.658441142	0.596358822
119	3.108	8	6	7	15	142	19.287	29.144	22.80592026	0.284319258	0.210559095
120	4.601	8	6	6	10	147	19.287	29.144	27.3010527	0.306484322	0.191013815
121	11.403	8	6	6	2	155	19.287	29.144	37.44535477	0.518301693	0.460098212
122	2.622	8	13	97	778	271.67	19.163	69.994	89.12730835	2.462450527	3.381663791
123	3.288	9	13	97	592	444.67	19.163	69.994	57.48541818	21.17487609	330.8983026
124	3.418	9	13	93	493	556.67	19.163	69.994	60.76520468	3.039979823	21.92873527
125	2.744	9	13	93	378	671.67	19.163	69.994	51.18169312	2.55942221	3.550068955
126	7.417	9	13	88	289	760.67	19.163	69.994	50.32685233	3.939169291	17.97847639
127	5.417	9	13	80	230	819.67	19.163	69.994	45.33299196	1.561019229	9.127421455
128	5.571	9	13	72	127	922.67	19.163	69.994	34.96932672	1.034331659	1.760675941
129	6.292	7	5	47	4	638.68	-44.439	67.803	41.27646511	0.439338992	1.076453841
130	24.359	8	6	24	102	55	10.081	-155.772	23.67495532	0.25081237	0.169402677
131	26.578	8	6	24	59	98	10.081	-155.772	24.85447009	0.444550876	0.246859472
132	33.657	8	6	25	34	123	10.081	-155.772	26.29489177	0.677811082	0.568085703
133	33.217	8	6	25	28	129	10.081	-155.772	24.6754289	0.658441142	0.596358822
134	14.255	8	6	24	15	142	10.081	-155.772	22.80592026	0.284319258	0.210559095
135	8.625	8	6	24	10	147	10.081	-155.772	27.3010527	0.306484322	0.191013815
136	5.2	8	6	24	2	155	10.081	-155.772	37.44535477	0.518301693	0.460098212
137	0.849	7	1	17.622655	190.3	87.08	88.648	68.188	43.49371823	2.64836972	80.46803186
138	0.065	8	1	17.622655	108.6	168.78	88.648	68.188	42.27172213	0.079867321	0.072130965
139	0.076	8	1	17.622655	15.9	281.98	88.648	68.188	31.46461295	0.098720204	0.0540847
140	0.078	8	1	17.622655	5	292.88	88.648	68.188	34.22176252	0.159479069	0.297853172
141	0.254	10	8	13	53	142.7	65.291	37.345	33.74312294	0.128274209	0.101411075
142	0.623	10	8	13	23.8	171.9	65.291	37.345	42.98974824	0.128019607	0.145252619
143	0.249	10	8	13	2	193.7	65.291	37.345	33.55399925	0.396281501	1.223589778
144	0.229	11	9	8	102.4	54.6	56.138	-27.703	27.11605974	0.274761669	0.161739809
145	1.267	11	9	8	29.4	127.6	56.138	-27.703	27.09481587	0.700193231	0.588515405
146	0.57	11	9	8	1	156	56.138	-27.703	33.55399925	0.396281501	0.24138022
